1 95367 112367
2 90385 105585
3 91355 106555
4 92738 109238
5 94846 111146
6 92030 107730
7 93199 110299
8 88690 104290
9 87680 103280
10 94216 111216
11 95242 112142
12 89275 105375
13 92900 108900
14 94292 110292
15 93269 108869
16 93751 108751
17 94989 111189
18 89195 104395
19 90568 106668
20 96000 112500
21 93759 109059
22 94617 111017
23 95595 112395
24 95906 112506
25 91374 107674
26 95069 110569
27 92190 109190
28 95118 110018
29 92497 107597
30 92401 107701
31 91451 106951
32 93406 110106
33 95082 111882
34 95599 111599
35 93142 109042
36 95772 111172
37 93988 110788
38 92909 109609
39 91770 108370
40 96715 112515
41 94750 110750
42 92389 107689
43 93435 109935
44 94877 111877
45 93605 109205
46 94765 111565
47 94920 110920
48 95925 112325
49 89363 105963
50 94286 111286
51 96819 112419
52 95203 111003
53 95252 112152
54 90395 105395
55 96163 112463
56 92366 108766
57 95695 111495
58 94229 110629
59 93940 110140
60 89177 104277
61 86164 100864
62 95763 112063
63 94370 110270
64 90826 106526
65 88104 104004
66 86142 101942
67 92793 109193
68 94390 109890
69 94777 110477
70 92193 108493
71 88387 102887
72 94272 109372
73 91812 108612
74 88749 103949
75 90158 106958
76 92291 108291
77 95733 111833
78 95102 110802
79 90965 107865
80 94726 111426
81 92580 108880
82 95106 112006
83 93078 109278
84 88161 103561
85 90772 107272
86 94825 111925
87 95293 111793
88 95131 111731
89 89859 105659
90 95180 112080
91 95468 111168
92 86496 102896
93 93903 110603
94 97044 112644
95 95624 112224
96 94903 110403
97 95017 111817
98 93552 109952
99 85518 101518
100 92240 109440
101 94792 111392
102 83920 97720
103 89746 106346
104 94661 111061
105 93608 109808
106 93738 110538
107 96211 112611
108 95272 112072
109 91406 106906
110 87117 102917
111 90807 107507
112 88639 104539
113 94071 110671
114 91726 107326
115 91424 107324
116 94142 111142
117 95112 111512
118 96770 112370
119 95842 111742
120 87832 103432
121 95799 111599
122 96052 111852
123 95397 111397
124 92965 107965
125 95527 111227
126 93310 110210
127 92483 109183
128 85906 101206
129 89011 105111
130 91891 108691
131 88357 103357
132 93617 110117
133 95062 111562
134 89123 104923
135 95516 112416
136 92987 108787
137 88912 104212
138 90546 107246
139 95207 111007
140 92603 108703
141 94361 111361
142 91947 108447
143 85072 99772
144 94612 110212
145 93644 109744
146 94411 111011
147 91580 107480
148 87896 104196
149 95896 112096
150 86212 100912
151 92175 108875
152 95195 110795
153 88905 105005
154 87894 102494
155 94515 110015
156 88119 103419
157 94686 111686
158 93070 109470
159 86714 101214
160 94273 108973
161 93860 109760
162 93746 109246
163 94107 110007
164 94864 111664
165 93255 109055
166 95342 111042
167 79965 94965
168 94669 111869
169 94660 109460
170 95319 111219
171 90669 106169
172 91467 107267
173 89127 105027
174 95038 110938
175 96386 112586
176 96988 112588
177 90217 105717
178 94695 110595
179 91376 107876
180 94571 111071
181 95222 111322
182 96267 111967
183 90598 106198
184 90586 106886
185 92495 108395
186 93071 109871
187 94438 111538
188 95302 110902
189 92633 110033
190 95580 112480
191 91045 106845
192 94798 110898
193 88778 104578
194 91704 107204
195 85034 99134
196 94629 111529
197 96556 111756
198 85777 101177
199 93352 109252
200 86202 101902
201 96160 111560
202 96439 112439
203 93188 108188
204 92766 109066
205 93553 108953
206 92904 108904
207 90106 105506
208 95320 112020
209 95998 111898
210 95967 112067
211 95249 111949
212 90313 105913
213 87716 102016
214 88753 104653
215 83422 97222
216 88929 103729
217 92399 108799
218 94416 110016
219 92591 108591
220 89152 104452
221 92274 108174
222 92839 109239
223 86353 100953
224 93678 110678
225 82964 98064
226 94707 110807
227 90636 106336
228 90419 106719
229 94179 111279
230 94494 109794
231 90660 105560
232 92992 108492
233 87622 103922
234 94571 111871
235 93219 109319
236 95566 112066
237 94520 111020
238 92238 107638
239 90886 106386
240 95024 111724
241 94267 109867
242 79124 93124
243 91840 108340
244 94622 110922
245 94540 112040
246 94161 111261
247 91662 107862
248 84345 99345
249 95585 112385
250 95391 112291
251 91363 105763
252 96239 111839
253 94474 110674
254 96123 112423
255 95329 111529
256 94803 111903
257 95603 112603
258 91956 107456
259 90661 107161
260 96563 112463
261 93188 108988
262 94886 111286
263 87247 102347
264 94270 110270
265 89549 104949
266 86519 101519
267 89844 105644
268 93883 110683
269 96458 112258
270 95853 111853
271 95113 112013
272 90984 107784
273 87841 102841
274 93476 109276
275 92695 108595
276 92278 109078
277 83262 98362
278 93797 109697
279 94658 110658
280 91884 107184
281 93543 108843
282 92479 108679
283 94256 111456
284 92146 106746
285 95531 111831
286 92133 109533
287 92345 108645
288 89949 106249
289 95127 111927
290 94981 111281
291 92068 108468
292 92346 108646
293 90198 105398
294 92916 109716
295 90715 107115
296 94584 110584
297 94584 110984
298 95052 112152
299 90043 105543
300 94919 111419
301 94183 109583
302 96140 112040
303 88222 104522
304 94783 110683
305 93083 110083
306 93539 109939
307 94739 111139
308 96128 111628
309 95921 111721
310 93958 109758
311 97001 112601
312 92343 108843
313 90684 107284
314 94771 111471
315 89432 105032
316 94313 110713
317 92875 107775
318 92632 108932
319 93604 110104
320 94815 111015
321 91994 107794
322 86439 101439
323 90192 105392
324 87300 102400
325 93774 110774
326 81386 95786
327 95861 112161
328 91225 106625
329 94948 111248
330 94788 110988
331 91927 107627
332 92778 109278
333 94087 110587
334 86550 101850
335 90627 107127
336 90648 106148
337 95364 110864
338 90103 105303
339 93799 110999
340 92151 107551
341 87539 103139
342 95721 111821
343 91366 107666
344 94355 110655
345 90543 106643
346 95419 112319
347 95310 110710
348 94427 110927
349 92116 107716
350 90571 106071
351 89362 104862
352 95519 111119
353 89941 105741
354 93846 109546
355 94298 109698
356 93263 109963
357 92551 108051
358 91999 107699
359 95089 110189
360 92328 108628
361 95331 111131
362 93526 108826
363 89753 105953
364 88244 103444
365 88004 103704
366 87776 104076
367 89678 105378
368 94002 110102
369 91687 107087
370 93914 110114
371 89456 105056
372 88679 104779
373 92008 108608
374 95064 111064
375 91791 108091
376 87515 102215
377 90106 105906
378 90092 104792
379 91949 107749
380 85764 100564
381 84730 100830
382 93128 109428
383 96636 111836
384 94375 111675
385 90020 105120
386 86756 101156
387 85974 101074
388 91328 107728
389 89837 105037
390 91506 107906
391 89179 105079
392 89332 105932
393 94781 110681
394 89340 105440
395 89124 105024
396 94278 110278
397 93780 109480
398 95517 111717
399 96267 112167
400 89384 104984
401 96278 112478
402 78808 92208
403 94982 111582
404 85675 100375
405 83256 98656
406 94398 110098
407 95178 111278
408 93921 109921
409 94563 112363
410 89100 105200
411 95809 112109
412 94330 111130
413 88101 103101
414 87891 103391
415 92620 108220
416 95402 110302
417 90872 107072
418 88888 103488
419 95820 112620
420 90038 105738
421 95619 112119
422 93189 110189
423 88144 104144
424 92217 109017
425 82957 97857
426 88915 104115
427 95072 111472
428 89358 104858
429 81928 96628
430 96194 111994
431 93768 110268
432 94868 111968
433 88726 104926
434 83382 97682
435 84681 99081
436 88942 105642
437 96840 112440
438 92549 109249
439 92933 108933
440 95425 112225
441 92833 109233
442 82225 97525
443 89487 105587
444 96755 112055
445 85922 102122
446 93084 109184
447 93712 111212
448 95980 112080
449 93168 108968
450 93488 109888
451 91329 106929
452 94682 110282
453 90557 106157
454 91612 107512
455 94416 111316
456 91649 107849
457 92747 108947
458 91738 107738
459 96439 112039
460 93164 108564
461 88914 104514
462 86964 102164
463 92725 109325
464 94168 110268
465 86829 101829
466 95808 111508
467 90850 106350
468 90313 105713
469 91952 107152
470 93290 108790
471 94545 111045
472 86618 101418
473 90777 106177
474 93343 108743
475 92323 108123
476 94459 112159
477 93566 108666
478 84202 99102
479 92848 108548
480 90318 105818
481 94318 110818
482 93627 109627
483 84591 99291
484 94104 111304
485 90086 106486
486 95106 111106
487 94643 110543
488 91080 106680
489 84065 98865
490 86514 102114
491 88886 103986
492 86802 101502
493 89691 105191
494 89835 105235
495 91888 107988
496 94735 109835
497 87355 101955
498 93404 109104
499 85778 100378
500 93798 109998
501 93603 110903
502 90222 105322
503 89545 104845
504 91602 106702
505 93845 110445
506 93215 109315
507 92863 108863
508 96454 112554
509 93790 110690
510 96182 112282
511 96321 112621
512 94489 111089
513 94725 110525
514 82851 96851
515 95358 111358
516 87827 102727
517 89695 104095
518 93462 109462
519 93920 110620
520 80610 95610
521 91827 108827
522 89336 104836
523 85855 100855
524 92282 107782
525 97136 112336
526 93098 110198
527 91625 107425
528 95759 112059
529 86966 101866
530 79446 93646
531 94910 111110
532 94042 110142
533 90966 106266
534 96505 112305
535 95505 112505
536 90345 106045
537 94401 110901
538 92668 108868
539 94704 111104
540 96013 112513
541 94389 110989
542 94798 111998
543 96168 112368
544 93670 110870
545 85595 100695
546 94340 110840
547 94976 110976
548 84256 98456
549 92847 107647
550 88947 104147
551 89082 104582
552 95660 111460
553 95603 112603
554 93530 110730
555 90252 106952
556 94329 109729
557 89207 104607
558 91977 109577
559 96481 112381
560 93317 108917
561 96761 112461
562 96839 112239
563 89636 106536
564 95292 111092
565 94358 111358
566 96102 111602
567 88347 103347
568 94412 110312
569 95014 111614
570 92938 109338
571 88352 103852
572 90759 107759
573 93083 108983
574 86285 101285
575 86389 101889
576 88205 103605
577 90536 106236
578 94516 112116
579 96069 111569
580 91534 107434
581 88621 102921
582 94437 110637
583 87424 102624
584 96100 112600
585 93043 109043
586 91106 107006
587 94736 111636
588 91991 107991
589 92566 108966
590 95746 112646
591 88543 104843
592 84502 100202
593 95716 112616
594 93039 108839
595 76836 90036
596 93688 109888
597 92177 107077
598 94885 110985
599 96431 112031
600 96083 111983
601 93367 107767
602 93716 109716
603 94383 110983
604 95839 111139
605 92737 108737
606 87226 102426
607 91558 107158
608 96274 111674
609 94011 110211
610 94398 111098
611 93426 109226
612 85402 99802
613 95661 112061
614 95477 112377
615 90527 106327
616 95143 111843
617 89161 104661
618 87728 102928
619 94343 110443
620 95404 112104
621 82023 96423
622 93291 108891
623 95582 112582
624 92647 109047
625 95901 111401
626 93167 109567
627 92329 109029
628 84523 99223
629 89108 103908
630 91946 107846
631 92874 108674
632 91676 107876
633 95098 111698
634 93572 108972
635 91398 107798
636 91525 107625
637 93726 109326
638 92722 108522
639 87336 102836
640 96297 112397
641 90829 106829
642 89421 104321
643 89464 104164
644 91879 107979
645 94428 111728
646 94491 110291
647 95127 111227
648 91757 107157
649 96178 112178
650 94847 112047
651 80222 95122
652 95408 112208
653 94912 112112
654 93224 109824
655 92757 109457
656 95319 112619
657 93517 108717
658 91445 107945
659 93897 110697
660 93152 110052
661 95941 112341
662 92582 109182
663 93276 108676
664 95814 112614
665 96250 112150
666 86801 103001
667 90253 106153
668 94749 111249
669 91811 108311
670 94217 111017
671 93267 108867
672 93176 109276
673 92315 107315
674 90465 106265
675 97493 112393
676 87796 102296
677 92618 108218
678 95554 111654
679 91717 107817
680 93745 109545
681 87809 103809
682 85594 99994
683 91626 107326
684 95142 111342
685 93439 107739
686 92339 108939
687 90351 105651
688 90913 107113
689 89537 104637
690 87927 103327
691 93056 108856
692 94861 112361
693 90845 107645
694 87896 103296
695 90709 106809
696 92460 110160
697 92175 108475
698 88748 104048
699 96688 112388
700 93937 109337
701 94066 110666
702 96223 112623
703 95791 112591
704 96457 111857
705 95603 111003
706 94324 110624
707 90697 105697
708 93900 111100
709 91581 107581
710 94504 110504
711 87871 102771
712 92039 108039
713 91750 107350
714 93864 110764
715 87829 102729
716 86086 101186
717 94673 110973
718 93401 109701
719 88753 104353
720 90701 106201
721 88047 103947
722 93577 110077
723 88848 103948
724 95959 112459
725 93069 108869
726 92602 108602
727 85926 100826
728 93341 110141
729 94829 111729
730 93061 109061
731 87434 103034
732 93124 109024
733 87195 102895
734 90099 105499
735 86225 102225
736 87538 102738
737 94439 110939
738 89059 103959
739 93121 109621
740 95600 110900
741 91797 107497
742 91379 106279
743 95420 111420
744 93440 110240
745 93643 110043
746 91945 107845
747 95219 112019
748 89961 105661
749 95991 112291
750 87801 103101
751 94952 111652
752 93184 109084
753 96748 112548
754 92980 108980
755 95763 112063
756 95428 111828
757 95676 112276
758 90489 106989
759 95594 111994
760 94621 110721
761 91132 107032
762 94072 110772
763 87709 102309
764 92038 108438
765 95764 111764
766 94977 111177
767 96155 111255
768 95152 112052
769 86305 101805
770 92608 108608
771 92955 109455
772 92076 108376
773 95892 111892
774 95261 111761
775 92767 108267
776 90185 105985
777 95308 111008
778 92281 107181
779 91499 108199
780 90639 106039
781 95434 111234
782 92349 108649
783 93240 109040
784 91389 106189
785 92669 108269
786 93816 109316
787 89177 104877
788 90122 106522
789 92783 108383
790 94803 111503
791 94423 111323
792 95535 111435
793 94578 111678
794 90434 105834
795 88946 104146
796 95575 112475
797 91953 107753
798 90376 105976
799 92780 109080
800 89529 104629
801 86236 102736
802 91887 107487
803 94144 110644
804 95191 111291
805 95999 112099
806 88370 103570
807 93649 109649
808 90978 106978
809 96819 112619
810 91071 107271
811 96285 112485
812 96008 111408
813 95374 112074
814 92002 107702
815 90969 107669
816 95279 110879
817 94698 110298
818 93460 110160
819 89751 105551
820 90611 107311
821 95506 112206
822 95643 111143
823 93967 111367
824 92780 108580
825 94750 111750
826 92285 107985
827 93560 109460
828 92510 107610
829 92786 108586
830 96419 112419
831 90644 106744
832 95819 112419
833 94902 110502
834 94830 110530
835 95065 111065
836 96289 112589
837 93849 109549
838 87577 103777
839 90970 106470
840 93668 110668
841 97413 112013
842 94474 111674
843 92313 108113
844 82669 97669
845 96144 112544
846 89229 105129
847 96405 112005
848 95504 111704
849 88722 104522
850 95103 110903
851 91466 107166
852 91311 107611
853 86107 101107
854 95891 111291
855 95747 112647
856 88845 104245
857 87201 102201
858 93119 108819
859 94260 110960
860 93658 109958
861 94054 110354
862 93002 108802
863 87171 102271
864 92550 108050
865 92255 108655
866 88605 102905
867 90249 105249
868 92804 109204
869 93350 109650
870 88194 104694
871 94635 110635
872 92504 107704
873 91952 107852
874 93536 109636
875 88364 104364
876 87728 103728
877 93509 110509
878 95560 111760
879 82453 97153
880 93080 109880
881 94952 111452
882 92417 108817
883 96426 112326
884 94883 110883
885 90751 106651
886 89972 104272
887 94990 111690
888 92378 108078
889 94865 110765
890 85946 100346
891 89762 105862
892 91570 107770
893 87791 102891
894 92898 109198
895 94961 111661
896 82638 97338
897 87510 102910
898 84505 99305
899 92790 109490
900 89339 104439
901 93966 110666
902 87594 102894
903 86949 102749
904 95085 111485
905 93580 109180
906 93641 109741
907 92859 109659
908 89378 105678
909 94305 110305
910 95701 112301
911 93921 110221
912 95788 112288
913 88877 103977
914 91572 107872
915 92182 107082
916 94154 109954
917 92965 109365
918 91902 107602
919 90295 105295
920 95326 111826
921 95759 111859
922 94375 111975
923 92882 109082
924 94691 110491
925 97028 112328
926 83794 98194
927 88283 103183
928 89664 105764
929 94604 110704
930 92535 108935
931 94053 109153
932 92402 108202
933 90567 106667
934 93601 109401
935 95525 112125
936 94321 110621
937 94400 110600
938 93391 109391
939 82521 97321
940 96535 112535
941 83597 99097
942 92819 109819
943 95356 112156
944 95892 111792
945 96323 112323
946 93428 110528
947 87529 103229
948 93809 110609
949 95179 112279
950 93051 109951
951 94837 111337
952 94343 111243
953 95981 112081
954 91714 107314
955 96949 112549
956 95886 112586
957 94438 111338
958 93560 110060
959 91988 107888
960 92693 108693
961 94990 111390
962 90320 105920
963 87463 103563
964 91592 107692
965 90395 105995
966 91668 107368
967 92993 109593
968 94996 110896
969 95399 112599
970 92092 107692
971 92684 108484
972 91575 106475
973 94701 111201
974 90798 106098
975 93643 109743
976 93542 110242
977 85126 100926
978 90900 106900
979 95321 111421
980 95549 111649
981 95803 112503
982 92731 108931
983 91012 107212
984 85733 101433
985 81678 96778
986 94655 111255
987 96722 112122
988 95734 112634
989 93693 110193
990 93519 110419
991 92945 108245
992 92805 109205
993 94344 109744
994 93357 109657
995 92700 108100
996 94968 111768
997 93727 110527
998 84746 100146
999 81313 95013
1000 94479 109979
Cea mai mare valoare este: 97493
Valoarea medie este: 92268.43
Calitatea solutiei este: 1.0566235927066279
