1 417 496
2 450 437
3 491 337
4 606 444
5 553 421
6 348 378
7 359 352
8 501 303
9 637 523
10 337 353
11 440 470
12 387 365
13 568 524
14 222 323
15 360 323
16 411 375
17 429 453
18 400 410
19 533 498
20 353 325
21 526 519
22 485 459
23 624 493
24 494 378
25 347 285
26 582 522
27 733 524
28 454 360
29 452 421
30 591 517
31 598 504
32 348 431
33 498 448
34 518 485
35 215 273
36 396 475
37 321 257
38 363 382
39 620 444
40 405 381
41 438 446
42 475 401
43 471 448
44 450 399
45 510 503
46 329 383
47 540 499
48 376 257
49 410 497
50 478 464
51 548 442
52 189 238
53 466 441
54 435 399
55 552 482
56 191 314
57 381 378
58 433 420
59 276 428
60 388 459
61 296 233
62 599 497
63 510 490
64 388 382
65 397 368
66 412 449
67 348 294
68 469 502
69 529 481
70 302 347
71 450 342
72 485 521
73 458 413
74 635 520
75 353 376
76 465 449
77 319 251
78 659 498
79 298 367
80 437 426
81 481 364
82 570 510
83 287 165
84 473 460
85 214 283
86 463 390
87 274 302
88 446 404
89 323 384
90 521 396
91 430 447
92 418 411
93 450 370
94 267 194
95 516 431
96 498 476
97 212 266
98 613 517
99 259 228
100 496 510
101 436 470
102 562 481
103 554 311
104 505 443
105 380 449
106 264 294
107 530 502
108 275 247
109 626 462
110 386 365
111 233 351
112 511 496
113 460 504
114 539 518
115 529 443
116 638 524
117 404 453
118 449 425
119 424 398
120 518 450
121 309 247
122 501 424
123 353 389
124 521 477
125 319 322
126 519 441
127 329 312
128 434 362
129 289 323
130 412 391
131 463 415
132 589 494
133 322 378
134 278 268
135 375 340
136 433 397
137 564 480
138 250 269
139 524 491
140 428 516
141 577 506
142 423 437
143 526 491
144 534 466
145 660 416
146 362 357
147 368 323
148 230 319
149 550 451
150 540 467
151 435 362
152 439 397
153 334 221
154 522 415
155 257 280
156 265 283
157 416 388
158 601 448
159 323 375
160 521 512
161 503 340
162 293 250
163 295 324
164 557 514
165 499 405
166 343 333
167 531 492
168 416 437
169 459 463
170 311 419
171 431 424
172 438 311
173 589 495
174 510 388
175 325 445
176 598 514
177 421 518
178 422 355
179 373 425
180 466 474
181 444 504
182 452 478
183 470 340
184 540 519
185 523 391
186 423 386
187 388 430
188 416 399
189 322 344
190 487 498
191 298 284
192 506 474
193 488 456
194 520 487
195 303 248
196 543 392
197 245 255
198 496 320
199 438 422
200 421 383
201 519 503
202 426 389
203 293 197
204 560 513
205 386 402
206 585 446
207 426 377
208 219 126
209 390 422
210 420 418
211 440 443
212 405 318
213 513 513
214 340 323
215 486 475
216 367 347
217 668 459
218 597 482
219 335 363
220 509 405
221 489 435
222 433 405
223 449 449
224 542 405
225 232 272
226 448 449
227 431 494
228 414 366
229 449 358
230 536 476
231 456 450
232 392 256
233 322 303
234 589 521
235 466 511
236 645 506
237 529 506
238 451 408
239 249 185
240 450 505
241 391 444
242 437 363
243 436 420
244 363 336
245 365 298
246 460 451
247 496 447
248 262 413
249 489 489
250 309 341
251 503 491
252 472 358
253 459 385
254 409 327
255 352 386
256 634 471
257 584 485
258 297 314
259 300 291
260 436 496
261 571 517
262 558 437
263 336 341
264 355 325
265 550 455
266 460 513
267 315 378
268 411 423
269 501 493
270 348 220
271 315 374
272 465 521
273 295 295
274 532 508
275 265 286
276 376 285
277 392 465
278 370 496
279 456 463
280 491 353
281 618 485
282 431 321
283 581 523
284 538 368
285 463 311
286 247 288
287 469 452
288 435 449
289 673 487
290 536 463
291 513 315
292 326 214
293 430 312
294 355 398
295 579 427
296 511 431
297 518 381
298 482 511
299 451 477
300 489 452
301 569 475
302 492 492
303 343 274
304 119 244
305 315 401
306 443 476
307 183 182
308 441 396
309 476 408
310 396 399
311 490 360
312 288 305
313 329 360
314 476 427
315 412 319
316 473 415
317 264 166
318 480 484
319 448 421
320 151 303
321 490 470
322 374 357
323 464 455
324 406 474
325 628 505
326 457 493
327 320 416
328 486 389
329 295 468
330 331 224
331 360 388
332 317 345
333 429 419
334 557 431
335 425 471
336 493 441
337 244 179
338 434 469
339 541 507
340 478 371
341 597 504
342 539 501
343 420 392
344 466 423
345 478 400
346 311 364
347 450 464
348 466 503
349 479 423
350 540 455
351 437 507
352 706 522
353 593 504
354 448 377
355 600 471
356 513 504
357 368 419
358 380 344
359 391 289
360 326 192
361 66 89
362 453 380
363 217 228
364 458 426
365 610 497
366 581 497
367 440 423
368 572 517
369 433 265
370 406 371
371 488 437
372 374 444
373 465 413
374 505 436
375 656 508
376 512 433
377 434 405
378 455 524
379 505 385
380 368 418
381 541 472
382 590 497
383 513 420
384 534 426
385 512 506
386 507 282
387 474 372
388 425 446
389 422 429
390 439 461
391 504 424
392 340 377
393 524 500
394 358 363
395 449 411
396 417 384
397 401 291
398 372 336
399 470 335
400 432 432
401 396 440
402 452 471
403 590 433
404 433 418
405 411 404
406 386 412
407 468 409
408 343 322
409 412 488
410 605 501
411 541 393
412 535 469
413 403 353
414 508 438
415 425 357
416 336 331
417 381 459
418 575 493
419 522 451
420 385 515
421 545 412
422 405 322
423 352 406
424 645 499
425 355 362
426 247 189
427 556 402
428 571 494
429 485 476
430 358 262
431 477 510
432 449 487
433 535 454
434 433 485
435 329 426
436 513 442
437 429 459
438 565 488
439 323 329
440 408 288
441 292 287
442 313 313
443 474 433
444 385 387
445 383 371
446 381 401
447 290 340
448 514 398
449 262 241
450 192 243
451 471 389
452 475 424
453 312 427
454 474 505
455 456 391
456 372 371
457 431 451
458 572 453
459 469 465
460 567 411
461 425 480
462 446 422
463 548 483
464 656 420
465 404 408
466 472 464
467 358 328
468 439 433
469 487 476
470 569 458
471 521 470
472 542 469
473 354 327
474 313 375
475 429 413
476 541 476
477 373 434
478 303 407
479 357 303
480 474 472
481 404 361
482 454 325
483 433 333
484 408 363
485 521 356
486 330 331
487 531 485
488 536 506
489 458 287
490 499 443
491 440 450
492 564 490
493 544 440
494 204 232
495 571 492
496 521 490
497 496 453
498 532 396
499 600 508
500 220 178
501 434 412
502 563 461
503 553 428
504 416 377
505 464 396
506 576 514
507 338 509
508 352 276
509 600 459
510 521 460
511 506 443
512 450 435
513 630 493
514 410 476
515 439 426
516 601 476
517 451 487
518 442 464
519 393 414
520 413 350
521 520 522
522 354 228
523 493 518
524 459 430
525 306 327
526 346 262
527 393 308
528 416 372
529 568 470
530 561 460
531 495 451
532 363 423
533 355 434
534 594 493
535 383 386
536 263 369
537 524 464
538 518 402
539 281 307
540 573 506
541 448 288
542 616 466
543 520 519
544 635 497
545 458 487
546 456 452
547 479 439
548 514 487
549 562 488
550 237 302
551 325 407
552 496 367
553 398 394
554 472 466
555 429 435
556 328 280
557 539 385
558 437 355
559 453 391
560 463 458
561 96 94
562 616 512
563 532 451
564 450 344
565 375 412
566 453 385
567 428 303
568 333 266
569 526 475
570 502 470
571 419 461
572 660 455
573 561 423
574 352 356
575 470 394
576 398 295
577 507 380
578 437 279
579 400 342
580 486 406
581 560 449
582 568 505
583 574 495
584 626 522
585 474 421
586 290 288
587 526 501
588 175 254
589 471 460
590 452 398
591 488 461
592 424 394
593 491 460
594 482 418
595 517 381
596 476 427
597 535 469
598 544 405
599 465 387
600 608 490
601 273 214
602 457 423
603 425 391
604 281 366
605 466 407
606 530 449
607 423 470
608 573 502
609 434 477
610 454 363
611 422 484
612 528 436
613 469 507
614 500 355
615 497 461
616 587 489
617 529 494
618 724 505
619 339 377
620 355 379
621 579 392
622 610 517
623 559 440
624 327 240
625 353 401
626 205 378
627 382 301
628 519 486
629 524 379
630 465 481
631 438 397
632 376 351
633 426 435
634 584 483
635 361 400
636 380 305
637 419 481
638 382 336
639 360 289
640 698 496
641 580 463
642 460 444
643 390 353
644 481 408
645 376 393
646 503 472
647 306 294
648 474 398
649 451 345
650 456 503
651 193 315
652 381 367
653 466 332
654 515 475
655 485 448
656 449 456
657 427 415
658 573 379
659 431 399
660 482 473
661 430 420
662 548 481
663 373 401
664 361 398
665 476 496
666 304 461
667 488 474
668 159 185
669 383 293
670 482 415
671 481 378
672 467 500
673 480 461
674 699 512
675 301 268
676 565 385
677 456 479
678 320 314
679 513 396
680 432 343
681 397 475
682 635 450
683 511 427
684 397 506
685 314 387
686 354 317
687 504 426
688 472 415
689 401 426
690 327 416
691 553 416
692 461 436
693 680 487
694 429 407
695 391 374
696 344 286
697 386 490
698 357 384
699 386 442
700 336 320
701 368 419
702 614 392
703 472 417
704 511 421
705 287 307
706 504 427
707 283 375
708 402 389
709 414 349
710 461 512
711 210 345
712 437 443
713 473 465
714 293 395
715 412 396
716 542 472
717 463 441
718 566 513
719 236 291
720 216 311
721 319 367
722 431 314
723 460 365
724 439 475
725 353 390
726 369 306
727 406 479
728 526 362
729 606 522
730 518 483
731 382 470
732 463 394
733 532 382
734 446 406
735 375 353
736 233 336
737 317 330
738 426 400
739 371 282
740 531 486
741 322 252
742 436 368
743 436 442
744 482 496
745 385 417
746 609 504
747 368 269
748 537 469
749 547 509
750 373 294
751 472 483
752 465 441
753 349 439
754 475 336
755 428 406
756 462 386
757 295 254
758 415 434
759 440 433
760 500 489
761 454 429
762 515 440
763 486 449
764 500 501
765 398 368
766 531 450
767 495 492
768 345 511
769 423 312
770 395 317
771 440 434
772 410 314
773 507 469
774 364 260
775 565 510
776 537 516
777 485 363
778 444 358
779 289 242
780 532 505
781 539 499
782 453 519
783 440 424
784 408 380
785 427 353
786 471 302
787 401 490
788 369 438
789 355 332
790 346 252
791 427 501
792 522 423
793 415 344
794 535 406
795 394 300
796 472 300
797 670 507
798 513 465
799 447 444
800 465 451
801 519 487
802 393 375
803 404 369
804 357 504
805 445 363
806 655 476
807 423 418
808 366 358
809 343 310
810 398 303
811 423 454
812 408 473
813 389 290
814 487 502
815 494 494
816 247 384
817 525 350
818 540 465
819 455 464
820 559 451
821 387 435
822 335 390
823 405 354
824 424 386
825 312 268
826 494 468
827 533 522
828 359 344
829 486 481
830 407 393
831 527 519
832 375 460
833 406 361
834 385 402
835 292 252
836 340 259
837 526 487
838 451 416
839 400 259
840 437 399
841 427 392
842 439 384
843 386 513
844 280 296
845 439 329
846 280 257
847 444 421
848 448 369
849 634 510
850 409 377
851 684 507
852 558 467
853 476 402
854 371 387
855 473 523
856 430 458
857 518 503
858 335 457
859 560 519
860 264 279
861 384 324
862 472 395
863 412 492
864 413 284
865 360 428
866 368 393
867 393 424
868 558 519
869 307 255
870 507 392
871 468 512
872 360 309
873 304 386
874 385 408
875 411 465
876 432 425
877 573 477
878 475 450
879 417 428
880 492 505
881 654 467
882 477 433
883 518 481
884 339 304
885 382 508
886 625 503
887 566 523
888 507 498
889 447 453
890 383 356
891 547 446
892 429 391
893 437 405
894 429 403
895 518 475
896 634 458
897 336 389
898 342 343
899 459 413
900 599 520
901 418 437
902 383 280
903 471 335
904 427 380
905 399 304
906 517 412
907 407 410
908 364 411
909 536 378
910 560 504
911 453 432
912 342 376
913 367 376
914 435 492
915 457 393
916 277 411
917 467 366
918 444 467
919 507 476
920 507 418
921 501 364
922 544 497
923 536 401
924 498 490
925 378 330
926 625 480
927 546 470
928 379 367
929 409 499
930 405 380
931 440 373
932 599 523
933 311 299
934 442 356
935 298 316
936 558 494
937 520 414
938 421 430
939 440 350
940 290 339
941 518 424
942 481 522
943 465 500
944 263 195
945 382 374
946 428 464
947 549 521
948 443 445
949 499 491
950 626 474
951 506 478
952 377 320
953 421 443
954 442 477
955 463 300
956 575 481
957 559 394
958 465 506
959 396 404
960 482 421
961 542 473
962 338 275
963 310 405
964 326 324
965 367 236
966 594 487
967 562 488
968 293 319
969 347 378
970 431 357
971 601 509
972 586 488
973 349 291
974 548 494
975 400 267
976 535 524
977 567 487
978 402 279
979 477 501
980 584 486
981 568 515
982 452 415
983 454 408
984 449 455
985 535 286
986 408 491
987 679 491
988 387 383
989 441 476
990 353 326
991 409 402
992 418 384
993 642 474
994 497 484
995 370 312
996 516 399
997 616 488
998 471 376
999 575 504
1000 468 473
Cea mai mare valoare este: 733
Valoarea medie este: 444.753
Calitatea solutiei este: 1.648105802546582
