1 96339 112539
2 96182 112582
3 95083 112483
4 96079 112579
5 96432 112532
6 96454 112554
7 96782 112482
8 95690 112590
9 96640 112640
10 95946 112546
11 96631 112631
12 97313 112613
13 96806 112606
14 95857 112557
15 95984 112584
16 94917 112617
17 96390 112590
18 95945 112645
19 95721 112621
20 95455 112355
21 96322 112622
22 95144 112644
23 95839 112639
24 95310 112610
25 95865 112565
26 96037 112637
27 95981 112581
28 96430 112630
29 95799 112599
30 96348 112648
31 97262 112462
32 96254 112554
33 95824 112624
34 96384 112584
35 95496 112596
36 96432 112432
37 95830 112630
38 95386 112386
39 95838 112538
40 95811 112611
41 94234 112434
42 95522 112622
43 96800 112600
44 95705 112605
45 95473 112573
46 94748 112648
47 95075 112575
48 96481 112481
49 96165 112565
50 96327 112427
51 97286 112486
52 96138 112538
53 96334 112534
54 95751 112551
55 95120 112620
56 96232 112632
57 95404 112504
58 95387 112587
59 95193 112593
60 94476 112476
61 94850 112450
62 95444 112644
63 95362 112562
64 94932 112632
65 95960 112560
66 95899 112599
67 95486 112486
68 95443 112643
69 95137 112537
70 96348 112648
71 95953 112453
72 95035 112635
73 95739 112639
74 95331 112431
75 95031 112531
76 96753 112553
77 96158 112558
78 96463 112563
79 96216 112516
80 96137 112637
81 96219 112419
82 96103 112603
83 95646 112546
84 96347 112447
85 95529 112629
86 96498 112598
87 95302 112602
88 96409 112509
89 96723 112423
90 95924 112624
91 96605 112505
92 95433 112633
93 96099 112599
94 96724 112624
95 94933 112633
96 96653 112553
97 95840 112440
98 97118 112418
99 95935 112435
100 95439 112539
101 95621 112521
102 95425 112525
103 95847 112647
104 96642 112342
105 94906 112606
106 95791 112491
107 95044 112344
108 96537 112637
109 95816 112616
110 95547 112547
111 96319 112619
112 96589 112389
113 95427 112627
114 96018 112618
115 96919 112619
116 95893 112493
117 95186 112586
118 96505 112605
119 96427 112527
120 95031 112331
121 95230 112530
122 96220 112520
123 96683 112583
124 96322 112622
125 96017 112517
126 96089 112489
127 95303 112603
128 95942 112642
129 96190 112590
130 95407 112507
131 95986 112586
132 96127 112627
133 95708 112608
134 95122 112622
135 96144 112644
136 95641 112641
137 96144 112644
138 95520 112620
139 95656 112556
140 95857 112357
141 94379 112479
142 96199 112599
143 95058 112458
144 95520 112420
145 95757 112557
146 95816 112616
147 96008 112508
148 95887 112487
149 95797 112597
150 95182 112582
151 95908 112508
152 95897 112597
153 95916 112616
154 95212 112412
155 95845 112645
156 96349 112449
157 96481 112581
158 95876 112576
159 94818 112618
160 96174 112374
161 95807 112607
162 95035 112535
163 96324 112624
164 95999 112599
165 96816 112616
166 96030 112530
167 96888 112488
168 95623 112523
169 95247 112447
170 96284 112484
171 95635 112435
172 96645 112545
173 96297 112497
174 95325 112625
175 96871 112571
176 95893 112593
177 95815 112615
178 95570 112570
179 96080 112580
180 95835 112635
181 96192 112592
182 95437 112637
183 96431 112531
184 95091 112391
185 95833 112633
186 95698 112598
187 95329 112629
188 95941 112541
189 96094 112494
190 96110 112610
191 96279 112579
192 96469 112569
193 95990 112490
194 95687 112587
195 94366 112366
196 96336 112436
197 96098 112598
198 94543 112443
199 95150 112550
200 95822 112422
201 95422 112622
202 96872 112572
203 95543 112443
204 95171 112571
205 96573 112473
206 95486 112586
207 96304 112604
208 95766 112466
209 95823 112623
210 96110 112510
211 95941 112541
212 96439 112639
213 96035 112635
214 96111 112511
215 95958 112558
216 95700 112600
217 96774 112474
218 95573 112573
219 95807 112607
220 95979 112579
221 96277 112477
222 96340 112540
223 96245 112645
224 95635 112435
225 95629 112429
226 95746 112446
227 95550 112550
228 95460 112560
229 95693 112493
230 95415 112515
231 95594 112594
232 96854 112454
233 96116 112616
234 95836 112636
235 95554 112454
236 95039 112439
237 96293 112593
238 95740 112340
239 96887 112587
240 95762 112562
241 95855 112555
242 96131 112531
243 96176 112476
244 96126 112626
245 96509 112509
246 96152 112552
247 96015 112515
248 96461 112561
249 95733 112633
250 95543 112543
251 95517 112617
252 95821 112621
253 95614 112614
254 95141 112641
255 96170 112570
256 97428 112628
257 94889 112589
258 95445 112645
259 95753 112553
260 97331 112631
261 95820 112520
262 95887 112487
263 95792 112492
264 95147 112447
265 95516 112616
266 96401 112601
267 95401 112501
268 97039 112639
269 95431 112531
270 96624 112624
271 95043 112643
272 94923 112423
273 96319 112619
274 96376 112476
275 95414 112614
276 96666 112566
277 95472 112572
278 96301 112501
279 95716 112516
280 95596 112596
281 95816 112616
282 96846 112646
283 96600 112600
284 95115 112615
285 95513 112513
286 95220 112520
287 95816 112616
288 96793 112593
289 95330 112630
290 96828 112628
291 95440 112540
292 96380 112580
293 95270 112570
294 95608 112408
295 95492 112492
296 97029 112629
297 96048 112648
298 97046 112646
299 95495 112495
300 94425 112525
301 95613 112613
302 96283 112583
303 96374 112474
304 96672 112472
305 95708 112608
306 96412 112612
307 95630 112630
308 95934 112634
309 95967 112467
310 95301 112601
311 95807 112607
312 95903 112603
313 95500 112600
314 95822 112522
315 95913 112413
316 95848 112648
317 95277 112577
318 95623 112523
319 96341 112641
320 95503 112603
321 94633 112633
322 95164 112464
323 95160 112460
324 95288 112488
325 95790 112590
326 96822 112522
327 96443 112443
328 95883 112483
329 96146 112246
330 94729 112629
331 96085 112585
332 96123 112623
333 96040 112540
334 95668 112568
335 96342 112642
336 96035 112635
337 95306 112606
338 95108 112508
339 94718 112518
340 95533 112633
341 96238 112638
342 96117 112517
343 95544 112644
344 95900 112600
345 96381 112581
346 96030 112630
347 95765 112565
348 95952 112452
349 95526 112526
350 95757 112557
351 96586 112586
352 95813 112613
353 95693 112593
354 95658 112558
355 95854 112554
356 95825 112525
357 96404 112604
358 95276 112576
359 95156 112556
360 95915 112515
361 96085 112585
362 95408 112608
363 95885 112585
364 95931 112631
365 96679 112579
366 94977 112477
367 96061 112561
368 95848 112648
369 96598 112598
370 95191 112491
371 94190 112390
372 95081 112581
373 95294 112394
374 95911 112311
375 95632 112532
376 96109 112609
377 95062 112562
378 96086 112586
379 95889 112489
380 95225 112625
381 96022 112622
382 95726 112626
383 95475 112475
384 94862 112462
385 95911 112611
386 95453 112553
387 95378 112578
388 96449 112449
389 95798 112598
390 96512 112612
391 96079 112579
392 95716 112516
393 95577 112577
394 95788 112588
395 95431 112631
396 96127 112627
397 96021 112521
398 96085 112585
399 94847 112647
400 96809 112609
401 95595 112595
402 96036 112436
403 96030 112630
404 96111 112511
405 95689 112589
406 96721 112621
407 95927 112627
408 96094 112594
409 95747 112547
410 96012 112612
411 96489 112489
412 95635 112435
413 95612 112612
414 95535 112535
415 95319 112619
416 95032 112532
417 95826 112626
418 95073 112573
419 95783 112483
420 96406 112606
421 96071 112571
422 96177 112577
423 95551 112351
424 96038 112638
425 95486 112486
426 96323 112523
427 96232 112632
428 96156 112556
429 96010 112610
430 95833 112633
431 95800 112600
432 95954 112454
433 96100 112600
434 95801 112601
435 96141 112641
436 95609 112509
437 96719 112419
438 96262 112562
439 96093 112593
440 95634 112534
441 95828 112528
442 96207 112507
443 95105 112505
444 95671 112571
445 96343 112543
446 95441 112541
447 96130 112430
448 94305 112305
449 95526 112526
450 95587 112487
451 95799 112599
452 95737 112637
453 95746 112546
454 95344 112644
455 95048 112648
456 95716 112516
457 95140 112640
458 95939 112639
459 94483 112583
460 95826 112626
461 95752 112552
462 95816 112516
463 96138 112438
464 94737 112637
465 96572 112572
466 96230 112530
467 95021 112421
468 94915 112615
469 96624 112624
470 95989 112489
471 95652 112552
472 95112 112612
473 95626 112526
474 95972 112472
475 95927 112627
476 94737 112537
477 95105 112505
478 95232 112632
479 95797 112497
480 96500 112600
481 94591 112591
482 96243 112643
483 96128 112628
484 94865 112465
485 95470 112470
486 96299 112599
487 94809 112509
488 96228 112628
489 95912 112612
490 96413 112613
491 96531 112631
492 95685 112485
493 96454 112454
494 95660 112560
495 96536 112536
496 94629 112529
497 96267 112567
498 95614 112514
499 95803 112603
500 96532 112632
501 96023 112423
502 94689 112389
503 95789 112589
504 95647 112647
505 96579 112479
506 95327 112527
507 94937 112237
508 96647 112647
509 96962 112562
510 95152 112552
511 95913 112613
512 96033 112533
513 95683 112583
514 95637 112337
515 96205 112505
516 96011 112411
517 95209 112609
518 96385 112585
519 95800 112600
520 95637 112637
521 96046 112646
522 96340 112640
523 95924 112424
524 95428 112628
525 96136 112636
526 95542 112442
527 95841 112541
528 96138 112638
529 97139 112639
530 95842 112542
531 95725 112525
532 95666 112566
533 95540 112640
534 96164 112564
535 95758 112558
536 96263 112563
537 95635 112635
538 96305 112505
539 96538 112638
540 95376 112576
541 95746 112646
542 95791 112491
543 96446 112446
544 96174 112474
545 95727 112527
546 94710 112510
547 96036 112536
548 95742 112642
549 95327 112627
550 95498 112598
551 95888 112588
552 95940 112540
553 95568 112568
554 95553 112453
555 95945 112645
556 96466 112566
557 95978 112578
558 94799 112599
559 95848 112648
560 96316 112616
561 96042 112642
562 95751 112551
563 96239 112639
564 96674 112574
565 95802 112502
566 94919 112519
567 95606 112506
568 95213 112613
569 95705 112605
570 95968 112368
571 95343 112643
572 96588 112588
573 95660 112460
574 95549 112549
575 96140 112540
576 95284 112584
577 96524 112424
578 95281 112481
579 97036 112636
580 95848 112548
581 95531 112631
582 95310 112410
583 96942 112642
584 96171 112471
585 95932 112432
586 95631 112531
587 95928 112628
588 95987 112587
589 95203 112603
590 95913 112613
591 96400 112600
592 95602 112602
593 96530 112630
594 96991 112591
595 95863 112463
596 95754 112554
597 96274 112574
598 96737 112537
599 95747 112647
600 95056 112556
601 96309 112609
602 96103 112503
603 95801 112601
604 95111 112611
605 95432 112632
606 96073 112573
607 95967 112567
608 95082 112582
609 96087 112587
610 95766 112566
611 96154 112354
612 96663 112563
613 95044 112544
614 97298 112598
615 95092 112592
616 96526 112426
617 95289 112589
618 96060 112560
619 97141 112641
620 95705 112605
621 95097 112497
622 97012 112612
623 95241 112541
624 96120 112420
625 96415 112615
626 94925 112625
627 96418 112618
628 96140 112640
629 95661 112561
630 95133 112633
631 95971 112471
632 95705 112505
633 95721 112421
634 96371 112571
635 96414 112614
636 95725 112625
637 94902 112602
638 97191 112591
639 95637 112537
640 96397 112597
641 96267 112567
642 95517 112617
643 96197 112597
644 96030 112530
645 95736 112636
646 96424 112424
647 96332 112632
648 95902 112602
649 94814 112614
650 95840 112440
651 95861 112561
652 95288 112488
653 95153 112553
654 94994 112494
655 95155 112555
656 96266 112566
657 95578 112478
658 95691 112491
659 95436 112536
660 95815 112615
661 95897 112597
662 96103 112603
663 95698 112498
664 94762 112462
665 95075 112575
666 96129 112629
667 95318 112618
668 96080 112480
669 96173 112573
670 95423 112523
671 96378 112578
672 96246 112546
673 95647 112647
674 94947 112347
675 94987 112587
676 95951 112551
677 95141 112541
678 95733 112533
679 95746 112546
680 95442 112642
681 95433 112433
682 96246 112646
683 95741 112541
684 95630 112630
685 95881 112581
686 95356 112556
687 94637 112637
688 96351 112551
689 96007 112607
690 96088 112488
691 96073 112573
692 94829 112529
693 95795 112595
694 96584 112584
695 95017 112417
696 95915 112515
697 96333 112633
698 97310 112610
699 95864 112464
700 95795 112495
701 95868 112468
702 96236 112536
703 96499 112599
704 96077 112477
705 95294 112494
706 96516 112616
707 96271 112571
708 95917 112617
709 95641 112641
710 95190 112490
711 95243 112543
712 95345 112545
713 95611 112611
714 95846 112646
715 96516 112616
716 95325 112425
717 96842 112642
718 96453 112553
719 95119 112619
720 95576 112476
721 95329 112629
722 95328 112628
723 95777 112477
724 94867 112467
725 96214 112514
726 95533 112633
727 95609 112609
728 95939 112639
729 95744 112544
730 95990 112590
731 95917 112617
732 95411 112511
733 96792 112492
734 96060 112460
735 95948 112548
736 95640 112640
737 95898 112498
738 95494 112594
739 96208 112608
740 95514 112614
741 96397 112597
742 94770 112570
743 95701 112601
744 95647 112647
745 95909 112609
746 96483 112583
747 95450 112550
748 96054 112554
749 96401 112601
750 96086 112586
751 94629 112529
752 96826 112626
753 97081 112581
754 95798 112598
755 97015 112615
756 96965 112465
757 95085 112285
758 95441 112641
759 96360 112460
760 96188 112588
761 95466 112466
762 95747 112647
763 95914 112614
764 95244 112444
765 96497 112597
766 95867 112567
767 95662 112562
768 95808 112608
769 95597 112497
770 96510 112610
771 96444 112644
772 95330 112630
773 96631 112531
774 96062 112562
775 95186 112586
776 95839 112639
777 96561 112461
778 95143 112643
779 96182 112582
780 95673 112573
781 95527 112627
782 95401 112501
783 96632 112432
784 96599 112599
785 95537 112637
786 96821 112521
787 96321 112621
788 94496 112496
789 95533 112533
790 95830 112530
791 96038 112638
792 95045 112645
793 95869 112569
794 96234 112534
795 96143 112643
796 95091 112591
797 95823 112523
798 94634 112634
799 96505 112505
800 95708 112508
801 96046 112646
802 95630 112630
803 95392 112592
804 95535 112635
805 95892 112592
806 96015 112615
807 95608 112608
808 96014 112614
809 95981 112581
810 95252 112552
811 95338 112638
812 95041 112541
813 95990 112490
814 95094 112494
815 96017 112617
816 95340 112440
817 95656 112356
818 95833 112533
819 96322 112422
820 95572 112472
821 95073 112573
822 96394 112594
823 96527 112427
824 96569 112569
825 95948 112648
826 94572 112372
827 96025 112525
828 96497 112597
829 96235 112635
830 94916 112516
831 96654 112554
832 95417 112517
833 95633 112633
834 95376 112576
835 96843 112643
836 96878 112578
837 96160 112560
838 95908 112608
839 95258 112558
840 96001 112601
841 95540 112540
842 95009 112609
843 96530 112630
844 96475 112475
845 95484 112484
846 95811 112611
847 95785 112585
848 96512 112612
849 95546 112646
850 94706 112306
851 95777 112577
852 95336 112436
853 95943 112543
854 95715 112615
855 95383 112583
856 96222 112522
857 94541 112341
858 95209 112409
859 95913 112513
860 95727 112627
861 95916 112516
862 96644 112544
863 95844 112644
864 96442 112642
865 95643 112543
866 95813 112513
867 95993 112393
868 95644 112544
869 95810 112510
870 96151 112551
871 96189 112589
872 96227 112627
873 96927 112627
874 96408 112608
875 96054 112554
876 96351 112551
877 96555 112555
878 95289 112489
879 96489 112589
880 96010 112510
881 95850 112450
882 95442 112442
883 96620 112420
884 96787 112487
885 95990 112590
886 95351 112451
887 95684 112584
888 95660 112560
889 96235 112435
890 95774 112574
891 96541 112441
892 95001 112601
893 95934 112534
894 96403 112403
895 94739 112539
896 96211 112611
897 95725 112425
898 95839 112639
899 95716 112616
900 96912 112512
901 95912 112612
902 95401 112601
903 95845 112645
904 95791 112591
905 96123 112623
906 95945 112545
907 95094 112494
908 95594 112594
909 96547 112647
910 96031 112531
911 95867 112567
912 95647 112447
913 96943 112643
914 96807 112507
915 95469 112569
916 96056 112456
917 96647 112647
918 95356 112456
919 95130 112630
920 94601 112601
921 95494 112594
922 95913 112513
923 95821 112621
924 96218 112518
925 95914 112514
926 95946 112646
927 94661 112461
928 96309 112509
929 95522 112522
930 96126 112526
931 95942 112642
932 96014 112514
933 95756 112556
934 95419 112619
935 95748 112548
936 96728 112628
937 95527 112527
938 96025 112325
939 95867 112567
940 96201 112501
941 95431 112631
942 96606 112606
943 95827 112627
944 96154 112454
945 95601 112601
946 96621 112621
947 96009 112509
948 96070 112570
949 95887 112487
950 96527 112627
951 96060 112560
952 95443 112643
953 96605 112605
954 94961 112461
955 95482 112482
956 96305 112605
957 96078 112478
958 94808 112508
959 95734 112634
960 95996 112496
961 96348 112648
962 95765 112365
963 96222 112422
964 96227 112527
965 95722 112522
966 96735 112535
967 95890 112590
968 95883 112583
969 95813 112413
970 95977 112477
971 95303 112603
972 96011 112511
973 96138 112638
974 96013 112613
975 95739 112339
976 95776 112576
977 94750 112550
978 96533 112633
979 96192 112592
980 96048 112648
981 95857 112357
982 94968 112468
983 95283 112583
984 96771 112571
985 95490 112590
986 96033 112633
987 95408 112508
988 95017 112517
989 96276 112476
990 95688 112488
991 95452 112552
992 96475 112575
993 95001 112601
994 95214 112614
995 96216 112516
996 95169 112469
997 95540 112440
998 95710 112610
999 95649 112549
1000 95389 112389
Cea mai mare valoare este: 97428
Valoarea medie este: 95846.698
Calitatea solutiei este: 1.0164982418069322
Numarul de incercari maxim admise: 100